0.831846
1.59598
2.2464
2.92315
3.63546
4.40718
5.20254
5.9735
6.79957
7.58751
8.34725
9.10175
9.8156
10.5095
11.2865
12.1165
12.9966
13.8987
14.8455
15.8485
16.8527
17.8997
18.9188
19.9599
21.0713
22.1791
23.2765
24.3574
25.3504
26.3422
27.2894
28.2431
29.2169
30.1587
31.1372
32.1978
33.2617
34.3509
35.5773
36.7996
38.0196
39.2752
40.5209
41.8757
43.331
44.7003
46.0593
47.4451
48.7529
50.1813
51.6847
53.0971
54.5495
56.1195
57.7241
59.315
60.7193
62.0831
63.4407
64.8598
66.3015
67.6387
69.0602
70.5654
72.1159
73.5753
75.1342
76.8049
78.3344
79.8693
81.6251
83.0655
84.7391
86.3848
88.0674
89.6936
91.5138
93.3083
95.1107
96.6891
98.6558
100.847
103.099
105.555
108.093
110.765
113.252
116.019
118.579
120.673
122.686
124.824
127.156
129.833
132.327
135.103
137.774
139.873
142.579
145.225
148.119
150.408
153.067
156.084
159.29
162.459
165.306
168.451
171.566
174.694
177.816
181.112
184.676
188.206
192.052
195.659
199.631
204.1
208.283
212.032
216.075
219.731
223.809
228.75
236.747
295.16
318.035
407.77
